[LEFT_CAM_FHD1200]
fx = 1308.67
fy = 1315.89
cx = 904.134
cy = 618.475

[RIGHT_CAM_FHD1200]
fx = 1306.27
fy = 1314.43
cx = 933.01
cy = 662.134

[LEFT_CAM_FHD]
fx = 1308.67
fy = 1315.89
cx = 904.134
cy = 558.475

[RIGHT_CAM_FHD]
fx = 1306.27
fy = 1314.43
cx = 933.01
cy = 602.134

[LEFT_CAM_SVGA]
fx = 654.334
fy = 657.945
cx = 452.067
cy = 309.238

[RIGHT_CAM_SVGA]
fx = 653.137
fy = 657.214
cx = 466.505
cy = 331.067

[LEFT_DISTO]
k1 = -0.0349086
k2 = -0.100155
p1 = -0.000136412
p2 = -0.000267199
k3 = 0.00181017
k4 = 7.7486e-304
k5 = 7.7486e-304
k6 = 7.7486e-304

[RIGHT_DISTO]
k1 = -0.0246055
k2 = -0.140606
p1 = -0.00209983
p2 = -0.00123873
k3 = 0.0564976
k4 = 7.7486e-304
k5 = 7.7486e-304
k6 = 7.7486e-304

[STEREO]
Baseline = 147.906
TY = 0.700773
TZ = 1.02819
CV_FHD = -0.0339666
CV_SVGA = -0.0339666
CV_FHD1200 = -0.0339666
RX_FHD = -0.0354787
RX_SVGA = -0.0354787
RX_FHD1200 = -0.0354787
RZ_FHD = 0.0089455
RZ_SVGA = 0.0089455
RZ_FHD1200 = 0.0089455

[MISC]
Sensor_ID = 1

